    0.000000e+00    4.983433e-01    4.928386e-01    2.773985e-03    1.836722e-03    2.065303e-03    2.051414e-03    1.480460e-05    1.147346e-05    3.210479e-05    3.176310e-05    2.633487e-07    1.952831e-07
    2.067050e+01    4.980898e-01    4.925924e-01    2.786051e-03    1.848835e-03    2.298908e-03    2.282444e-03    1.615512e-05    1.238400e-05    3.647353e-05    3.609078e-05    2.937571e-07    2.175780e-07
    4.134100e+01    4.976332e-01    4.921531e-01    2.819787e-03    1.882242e-03    2.705270e-03    2.684352e-03    1.860131e-05    1.406241e-05    4.460787e-05    4.414925e-05    3.502354e-07    2.591171e-07
    6.201150e+01    4.971937e-01    4.917372e-01    2.871742e-03    1.933178e-03    3.073373e-03    3.048470e-03    2.099741e-05    1.575769e-05    5.267312e-05    5.214099e-05    4.063381e-07    3.007381e-07
    8.268200e+01    4.968306e-01    4.914023e-01    2.938849e-03    1.998513e-03    3.349415e-03    3.321591e-03    2.303446e-05    1.726094e-05    5.913818e-05    5.855055e-05    4.518346e-07    3.351287e-07
    1.033525e+02    4.965435e-01    4.911473e-01    3.018382e-03    2.075549e-03    3.537126e-03    3.507396e-03    2.470475e-05    1.855695e-05    6.363924e-05    6.301800e-05    4.841748e-07    3.604165e-07
    1.240230e+02    4.963152e-01    4.909547e-01    3.107882e-03    2.161874e-03    3.656225e-03    3.625378e-03    2.608719e-05    1.968730e-05    6.636788e-05    6.573290e-05    5.043881e-07    3.772173e-07
    1.446935e+02    4.961276e-01    4.908058e-01    3.205103e-03    2.255282e-03    3.726979e-03    3.695575e-03    2.726830e-05    2.070027e-05    6.770265e-05    6.706950e-05    5.148378e-07    3.870879e-07
    1.653640e+02    4.959662e-01    4.906862e-01    3.307962e-03    2.353727e-03    3.765619e-03    3.734031e-03    2.831793e-05    2.163516e-05    6.803142e-05    6.741111e-05    5.181619e-07    3.918117e-07
    1.860345e+02    4.958211e-01    4.905854e-01    3.414521e-03    2.455299e-03    3.783852e-03    3.752326e-03    2.928539e-05    2.251949e-05    6.768761e-05    6.708708e-05    5.168695e-07    3.931250e-07
    2.067050e+02    4.956860e-01    4.904970e-01    3.522968e-03    2.558213e-03    3.789661e-03    3.758351e-03    3.020229e-05    2.337033e-05    6.693923e-05    6.636202e-05    5.132253e-07    3.926348e-07
    2.273755e+02    4.955573e-01    4.904171e-01    3.631610e-03    2.660811e-03    3.788290e-03    3.757294e-03    3.108658e-05    2.419653e-05    6.599635e-05    6.544320e-05    5.092300e-07    3.917977e-07
    2.480460e+02    4.954332e-01    4.903435e-01    3.738878e-03    2.761560e-03    3.783080e-03    3.752459e-03    3.194614e-05    2.500080e-05    6.502179e-05    6.449127e-05    5.066132e-07    3.919043e-07
    2.687165e+02    4.953129e-01    4.902755e-01    3.843320e-03    2.859055e-03    3.776087e-03    3.745881e-03    3.278158e-05    2.578120e-05    6.413997e-05    6.362900e-05    5.068134e-07    3.940514e-07
    2.893870e+02    4.951967e-01    4.902130e-01    3.943608e-03    2.952025e-03    3.768513e-03    3.738748e-03    3.358824e-05    2.653241e-05    6.344298e-05    6.294728e-05    5.109451e-07    3.991064e-07
    3.100575e+02    4.950850e-01    4.901564e-01    4.038542e-03    3.039340e-03    3.760995e-03    3.731693e-03    3.435777e-05    2.724656e-05    6.299440e-05    6.250896e-05    5.197616e-07    4.076670e-07
    3.307280e+02    4.949787e-01    4.901064e-01    4.127052e-03    3.120005e-03    3.753807e-03    3.724982e-03    3.507931e-05    2.791403e-05    6.283194e-05    6.235144e-05    5.336255e-07    4.200286e-07
    3.513985e+02    4.948786e-01    4.900637e-01    4.208199e-03    3.193172e-03    3.746989e-03    3.718656e-03    3.574054e-05    2.852413e-05    6.296947e-05    6.248868e-05    5.524941e-07    4.361643e-07
    3.720690e+02    4.947855e-01    4.900293e-01    4.281180e-03    3.258138e-03    3.740445e-03    3.712618e-03    3.632864e-05    2.906576e-05    6.339909e-05    6.291323e-05    5.759270e-07    4.557243e-07
    3.927395e+02    4.947005e-01    4.900040e-01    4.345327e-03    3.314342e-03    3.734012e-03    3.706702e-03    3.683117e-05    2.952816e-05    6.409355e-05    6.359856e-05    6.031167e-07    4.780566e-07
    4.134100e+02    4.946240e-01    4.899885e-01    4.400109e-03    3.361369e-03    3.727504e-03    3.700721e-03    3.723692e-05    2.990151e-05    6.500900e-05    6.450185e-05    6.329430e-07    5.022486e-07
    4.340805e+02    4.945568e-01    4.899833e-01    4.445132e-03    3.398941e-03    3.720748e-03    3.694501e-03    3.753668e-05    3.017766e-05    6.608838e-05    6.556721e-05    6.640484e-07    5.271889e-07
    4.547510e+02    4.944992e-01    4.899889e-01    4.480132e-03    3.426919e-03    3.713611e-03    3.687905e-03    3.772391e-05    3.035069e-05    6.726513e-05    6.672934e-05    6.949291e-07    5.516436e-07
    4.754215e+02    4.944514e-01    4.900056e-01    4.504980e-03    3.445296e-03    3.706014e-03    3.680849e-03    3.779530e-05    3.041743e-05    6.846720e-05    6.791749e-05    7.240341e-07    5.743427e-07
    4.960920e+02    4.944134e-01    4.900334e-01    4.519670e-03    3.454189e-03    3.697937e-03    3.673310e-03    3.775112e-05    3.037782e-05    6.962120e-05    6.905954e-05    7.498676e-07    5.940694e-07
    5.167625e+02    4.943851e-01    4.900721e-01    4.524320e-03    3.453831e-03    3.689426e-03    3.665328e-03    3.759544e-05    3.023521e-05    7.065655e-05    7.008604e-05    7.710843e-07    6.097452e-07
    5.374330e+02    4.943661e-01    4.901214e-01    4.519164e-03    3.444566e-03    3.680583e-03    3.657001e-03    3.733612e-05    2.999630e-05    7.150929e-05    7.093397e-05    7.865737e-07    6.205047e-07
    5.581035e+02    4.943560e-01    4.901808e-01    4.504542e-03    3.426839e-03    3.671564e-03    3.648479e-03    3.698461e-05    2.967113e-05    7.212561e-05    7.155023e-05    7.955263e-07    6.257546e-07
    5.787740e+02    4.943541e-01    4.902497e-01    4.480898e-03    3.401184e-03    3.662562e-03    3.639950e-03    3.655556e-05    2.927268e-05    7.246464e-05    7.189440e-05    7.974786e-07    6.252107e-07
    5.994445e+02    4.943597e-01    4.903271e-01    4.448765e-03    3.368214e-03    3.653794e-03    3.631627e-03    3.606625e-05    2.881646e-05    7.250068e-05    7.194088e-05    7.923341e-07    6.189137e-07
    6.201150e+02    4.943720e-01    4.904122e-01    4.408759e-03    3.328611e-03    3.645488e-03    3.623734e-03    3.553587e-05    2.831983e-05    7.222447e-05    7.168028e-05    7.803603e-07    6.072195e-07
    6.407855e+02    4.943901e-01    4.905039e-01    4.361570e-03    3.283114e-03    3.637863e-03    3.616486e-03    3.498471e-05    2.780129e-05    7.164372e-05    7.111982e-05    7.621633e-07    5.907680e-07
    6.614560e+02    4.944131e-01    4.906011e-01    4.307947e-03    3.232509e-03    3.631113e-03    3.610076e-03    3.443322e-05    2.727964e-05    7.078259e-05    7.028293e-05    7.386428e-07    5.704327e-07
    6.821265e+02    4.944401e-01    4.907027e-01    4.248691e-03    3.177614e-03    3.625399e-03    3.604663e-03    3.390112e-05    2.677309e-05    6.968045e-05    6.920804e-05    7.109310e-07    5.472555e-07
    7.027970e+02    4.944702e-01    4.908075e-01    4.184642e-03    3.119271e-03    3.620830e-03    3.600356e-03    3.340649e-05    2.629847e-05    6.838975e-05    6.794646e-05    6.803213e-07    5.223734e-07
    7.234675e+02    4.945025e-01    4.909144e-01    4.116668e-03    3.058332e-03    3.617459e-03    3.597209e-03    3.296490e-05    2.587036e-05    6.697324e-05    6.655968e-05    6.481914e-07    4.969415e-07
    7.441380e+02    4.945363e-01    4.910222e-01    4.045652e-03    2.995650e-03    3.615277e-03    3.595212e-03    3.258872e-05    2.550040e-05    6.550065e-05    6.511617e-05    6.159255e-07    4.720611e-07
    7.648085e+02    4.945708e-01    4.911299e-01    3.972482e-03    2.932067e-03    3.614210e-03    3.594294e-03    3.228647e-05    2.519678e-05    6.404503e-05    6.368768e-05    5.848419e-07    4.487163e-07
    7.854790e+02    4.946055e-01    4.912365e-01    3.898042e-03    2.868404e-03    3.614124e-03    3.594323e-03    3.206243e-05    2.496374e-05    6.267885e-05    6.234551e-05    5.561277e-07    4.277237e-07
    8.061495e+02    4.946399e-01    4.913412e-01    3.823197e-03    2.805453e-03    3.614829e-03    3.595110e-03    3.191643e-05    2.480147e-05    6.147025e-05    6.115676e-05    5.307854e-07    4.096995e-07
    8.268200e+02    4.946735e-01    4.914431e-01    3.748784e-03    2.743968e-03    3.616091e-03    3.596424e-03    3.184381e-05    2.470607e-05    6.047942e-05    6.018075e-05    5.095937e-07    3.950435e-07
    8.474905e+02    4.947060e-01    4.915415e-01    3.675607e-03    2.684655e-03    3.617641e-03    3.597998e-03    3.183565e-05    2.466981e-05    5.975543e-05    5.946593e-05    4.930817e-07    3.839406e-07
    8.681610e+02    4.947371e-01    4.916357e-01    3.604422e-03    2.628170e-03    3.619192e-03    3.599548e-03    3.187924e-05    2.468156e-05    5.933363e-05    5.904729e-05    4.815190e-07    3.763778e-07
    8.888315e+02    4.947667e-01    4.917253e-01    3.535932e-03    2.575107e-03    3.620455e-03    3.600786e-03    3.195864e-05    2.472744e-05    5.923382e-05    5.894454e-05    4.749189e-07    3.721725e-07
    9.095020e+02    4.947946e-01    4.918097e-01    3.470784e-03    2.525997e-03    3.621153e-03    3.601439e-03    3.205557e-05    2.479162e-05    5.945913e-05    5.916098e-05    4.730555e-07    3.710090e-07
    9.301725e+02    4.948207e-01    4.918886e-01    3.409554e-03    2.481305e-03    3.621038e-03    3.601260e-03    3.215034e-05    2.485728e-05    5.999587e-05    5.968336e-05    4.754898e-07    3.724790e-07
    9.508430e+02    4.948450e-01    4.919616e-01    3.352752e-03    2.441424e-03    3.619906e-03    3.600048e-03    3.222295e-05    2.490758e-05    6.081418e-05    6.048249e-05    4.816062e-07    3.761202e-07
    9.715135e+02    4.948674e-01    4.920284e-01    3.300812e-03    2.406672e-03    3.617610e-03    3.597658e-03    3.225420e-05    2.492680e-05    6.186955e-05    6.151472e-05    4.906535e-07    3.814520e-07
    9.921840e+02    4.948879e-01    4.920888e-01    3.254091e-03    2.377298e-03    3.614066e-03    3.594010e-03    3.222684e-05    2.490125e-05    6.310510e-05    6.272422e-05    5.017903e-07    3.880026e-07
    1.012855e+03    4.949064e-01    4.921426e-01    3.212870e-03    2.353472e-03    3.609265e-03    3.589096e-03    3.212667e-05    2.482030e-05    6.445451e-05    6.404578e-05    5.141310e-07    3.953291e-07
    1.033525e+03    4.949227e-01    4.921896e-01    3.177349e-03    2.335294e-03    3.603270e-03    3.582983e-03    3.194347e-05    2.467715e-05    6.584537e-05    6.540823e-05    5.267909e-07    4.030279e-07
    1.054196e+03    4.949369e-01    4.922296e-01    3.147652e-03    2.322792e-03    3.596219e-03    3.575810e-03    3.167185e-05    2.446943e-05    6.720295e-05    6.673805e-05    5.389282e-07    4.107380e-07
    1.074866e+03    4.949487e-01    4.922626e-01    3.123823e-03    2.315922e-03    3.588316e-03    3.567784e-03    3.131176e-05    2.419960e-05    6.845403e-05    6.796318e-05    5.497817e-07    4.181386e-07
    1.095536e+03    4.949580e-01    4.922884e-01    3.105836e-03    2.314579e-03    3.579826e-03    3.559173e-03    3.086889e-05    2.387503e-05    6.953061e-05    6.901673e-05    5.587016e-07    4.249427e-07
    1.116207e+03    4.949645e-01    4.923069e-01    3.093592e-03    2.318589e-03    3.571060e-03    3.550290e-03    3.035458e-05    2.350791e-05    7.037343e-05    6.984040e-05    5.651751e-07    4.308917e-07
    1.136878e+03    4.949681e-01    4.923182e-01    3.086925e-03    2.327725e-03    3.562361e-03    3.541481e-03    2.978559e-05    2.311471e-05    7.093501e-05    7.038748e-05    5.688426e-07    4.357511e-07
    1.157548e+03    4.949685e-01    4.923223e-01    3.085610e-03    2.341704e-03    3.554091e-03    3.533108e-03    2.918346e-05    2.271553e-05    7.118201e-05    7.062524e-05    5.695079e-07    4.393107e-07
    1.178218e+03    4.949656e-01    4.923192e-01    3.089362e-03    2.360194e-03    3.546607e-03    3.525532e-03    2.857360e-05    2.233309e-05    7.109699e-05    7.053657e-05    5.671403e-07    4.413910e-07
    1.198889e+03    4.949592e-01    4.923090e-01    3.097848e-03    2.382823e-03    3.540248e-03    3.519093e-03    2.798409e-05    2.199160e-05    7.067923e-05    7.012090e-05    5.618692e-07    4.418537e-07
    1.219560e+03    4.949491e-01    4.922921e-01    3.110690e-03    2.409178e-03    3.535318e-03    3.514096e-03    2.744434e-05    2.171539e-05    6.994476e-05    6.939412e-05    5.539726e-07    4.406176e-07
    1.240230e+03    4.949354e-01    4.922687e-01    3.127472e-03    2.438819e-03    3.532067e-03    3.510794e-03    2.698350e-05    2.152760e-05    6.892550e-05    6.838782e-05    5.438603e-07    4.376764e-07
    1.260900e+03    4.949179e-01    4.922392e-01    3.147749e-03    2.471279e-03    3.530683e-03    3.509376e-03    2.662893e-05    2.144871e-05    6.766762e-05    6.714760e-05    5.320517e-07    4.331162e-07
    1.281571e+03    4.948968e-01    4.922040e-01    3.171052e-03    2.506074e-03    3.531278e-03    3.509956e-03    2.640456e-05    2.149526e-05    6.622913e-05    6.573070e-05    5.191500e-07    4.271298e-07
    1.302242e+03    4.948722e-01    4.921639e-01    3.196897e-03    2.542708e-03    3.533882e-03    3.512567e-03    2.632944e-05    2.167871e-05    6.467689e-05    6.420309e-05    5.058140e-07    4.200238e-07
    1.322912e+03    4.948445e-01    4.921194e-01    3.224787e-03    2.580679e-03    3.538445e-03    3.517162e-03    2.641651e-05    2.200445e-05    6.308322e-05    6.263605e-05    4.927286e-07    4.122172e-07
    1.343582e+03    4.948139e-01    4.920713e-01    3.254228e-03    2.619484e-03    3.544831e-03    3.523608e-03    2.667154e-05    2.247120e-05    6.152212e-05    6.110251e-05    4.805733e-07    4.042288e-07
    1.364253e+03    4.947809e-01    4.920204e-01    3.284726e-03    2.658628e-03    3.552830e-03    3.531699e-03    2.709252e-05    2.307067e-05    6.006557e-05    5.967336e-05    4.699929e-07    3.966536e-07
    1.384924e+03    4.947460e-01    4.919677e-01    3.315800e-03    2.697628e-03    3.562166e-03    3.541161e-03    2.766939e-05    2.378764e-05    5.877984e-05    5.841381e-05    4.615683e-07    3.901273e-07
    1.405594e+03    4.947098e-01    4.919141e-01    3.346984e-03    2.736016e-03    3.572506e-03    3.551667e-03    2.838417e-05    2.460040e-05    5.772212e-05    5.738012e-05    4.557901e-07    3.852841e-07
    1.426264e+03    4.946728e-01    4.918606e-01    3.377836e-03    2.773349e-03    3.583479e-03    3.562848e-03    2.921158e-05    2.548153e-05    5.693770e-05    5.661675e-05    4.530349e-07    3.827072e-07
    1.446935e+03    4.946359e-01    4.918080e-01    3.407938e-03    2.809206e-03    3.594691e-03    3.574313e-03    3.012005e-05    2.639909e-05    5.645765e-05    5.615413e-05    4.535459e-07    3.828792e-07
    1.467606e+03    4.945996e-01    4.917574e-01    3.436905e-03    2.843202e-03    3.605743e-03    3.585665e-03    3.107302e-05    2.731804e-05    5.629736e-05    5.600723e-05    4.574187e-07    3.861359e-07
    1.488276e+03    4.945646e-01    4.917096e-01    3.464386e-03    2.874980e-03    3.616251e-03    3.596522e-03    3.203070e-05    2.820191e-05    5.645582e-05    5.617483e-05    4.645918e-07    3.926274e-07
    1.508947e+03    4.945315e-01    4.916654e-01    3.490069e-03    2.904226e-03    3.625859e-03    3.606528e-03    3.295190e-05    2.901456e-05    5.691577e-05    5.663968e-05    4.748445e-07    4.022923e-07
    1.529617e+03    4.945010e-01    4.916256e-01    3.513681e-03    2.930661e-03    3.634259e-03    3.615372e-03    3.379612e-05    2.972208e-05    5.764466e-05    5.736947e-05    4.878007e-07    4.148468e-07
    1.550288e+03    4.944735e-01    4.915908e-01    3.534991e-03    2.954049e-03    3.641202e-03    3.622804e-03    3.452555e-05    3.029448e-05    5.859644e-05    5.831859e-05    5.029416e-07    4.297914e-07
    1.570958e+03    4.944495e-01    4.915614e-01    3.553812e-03    2.974196e-03    3.646507e-03    3.628639e-03    3.510709e-05    3.070738e-05    5.971399e-05    5.943054e-05    5.196237e-07    4.464347e-07
    1.591629e+03    4.944294e-01    4.915378e-01    3.570000e-03    2.990955e-03    3.650072e-03    3.632766e-03    3.551408e-05    3.094335e-05    6.093212e-05    6.064086e-05    5.371062e-07    4.639348e-07
    1.612299e+03    4.944133e-01    4.915202e-01    3.583454e-03    3.004219e-03    3.651871e-03    3.635154e-03    3.572783e-05    3.099294e-05    6.218102e-05    6.188057e-05    5.545833e-07    4.813527e-07
    1.632970e+03    4.944015e-01    4.915085e-01    3.594119e-03    3.013928e-03    3.651958e-03    3.635845e-03    3.573871e-05    3.085532e-05    6.338985e-05    6.307969e-05    5.712224e-07    4.977161e-07
    1.653640e+03    4.943939e-01    4.915028e-01    3.601977e-03    3.020063e-03    3.650458e-03    3.634956e-03    3.554684e-05    3.053852e-05    6.449045e-05    6.417088e-05    5.862059e-07    5.120868e-07
    1.674311e+03    4.943905e-01    4.915027e-01    3.607053e-03    3.022650e-03    3.647562e-03    3.632663e-03    3.516225e-05    3.005913e-05    6.542082e-05    6.509295e-05    5.987750e-07    5.236274e-07
    1.694981e+03    4.943912e-01    4.915079e-01    3.609410e-03    3.021754e-03    3.643512e-03    3.629199e-03    3.460459e-05    2.944164e-05    6.612836e-05    6.579393e-05    6.082719e-07    5.316601e-07
    1.715651e+03    4.943956e-01    4.915178e-01    3.609143e-03    3.017479e-03    3.638589e-03    3.624831e-03    3.390229e-05    2.871726e-05    6.657252e-05    6.623380e-05    6.141793e-07    5.357149e-07
    1.736322e+03    4.944034e-01    4.915320e-01    3.606383e-03    3.009968e-03    3.633099e-03    3.619851e-03    3.309130e-05    2.792249e-05    6.672686e-05    6.638647e-05    6.161534e-07    5.355612e-07
    1.756993e+03    4.944144e-01    4.915497e-01    3.601287e-03    2.999394e-03    3.627352e-03    3.614557e-03    3.221338e-05    2.709724e-05    6.658040e-05    6.624110e-05    6.140489e-07    5.312219e-07
    1.777663e+03    4.944281e-01    4.915703e-01    3.594039e-03    2.985964e-03    3.621649e-03    3.609240e-03    3.131410e-05    2.628291e-05    6.613809e-05    6.580260e-05    6.079328e-07    5.229685e-07
    1.798333e+03    4.944441e-01    4.915931e-01    3.584844e-03    2.969910e-03    3.616266e-03    3.604163e-03    3.044058e-05    2.552024e-05    6.542052e-05    6.509132e-05    5.980862e-07    5.112977e-07
    1.819004e+03    4.944620e-01    4.916174e-01    3.573925e-03    2.951489e-03    3.611436e-03    3.599553e-03    2.963912e-05    2.484720e-05    6.446281e-05    6.414195e-05    5.849936e-07    4.968926e-07
    1.839675e+03    4.944815e-01    4.916425e-01    3.561519e-03    2.930980e-03    3.607345e-03    3.595585e-03    2.895284e-05    2.429708e-05    6.331270e-05    6.300165e-05    5.693193e-07    4.805713e-07
    1.860345e+03    4.945022e-01    4.916677e-01    3.547873e-03    2.908674e-03    3.604114e-03    3.592378e-03    2.841946e-05    2.389668e-05    6.202803e-05    6.172758e-05    5.518716e-07    4.632286e-07
    1.881015e+03    4.945238e-01    4.916925e-01    3.533239e-03    2.884878e-03    3.601802e-03    3.589987e-03    2.806922e-05    2.366489e-05    6.067371e-05    6.038388e-05    5.335582e-07    4.457739e-07
    1.901686e+03    4.945461e-01    4.917165e-01    3.517873e-03    2.859905e-03    3.600399e-03    3.588400e-03    2.792331e-05    2.361166e-05    5.931834e-05    5.903831e-05    5.153337e-07    4.290726e-07
    1.922357e+03    4.945690e-01    4.917391e-01    3.502028e-03    2.834072e-03    3.599829e-03    3.587546e-03    2.799258e-05    2.373744e-05    5.803054e-05    5.775870e-05    4.981440e-07    4.138934e-07
    1.943027e+03    4.945922e-01    4.917602e-01    3.485954e-03    2.807697e-03    3.599959e-03    3.587295e-03    2.827683e-05    2.403303e-05    5.687546e-05    5.660941e-05    4.828705e-07    4.008664e-07
    1.963697e+03    4.946158e-01    4.917794e-01    3.469890e-03    2.781092e-03    3.600602e-03    3.587468e-03    2.876467e-05    2.448007e-05    5.591130e-05    5.564798e-05    4.702781e-07    3.904541e-07
    1.984368e+03    4.946398e-01    4.917967e-01    3.454066e-03    2.754563e-03    3.601535e-03    3.587851e-03    2.943390e-05    2.505185e-05    5.518633e-05    5.492212e-05    4.609707e-07    3.829362e-07
    2.005039e+03    4.946642e-01    4.918120e-01    3.438698e-03    2.728405e-03    3.602509e-03    3.588206e-03    3.025248e-05    2.571472e-05    5.473636e-05    5.446725e-05    4.553569e-07    3.784088e-07
    2.025709e+03    4.946889e-01    4.918253e-01    3.423985e-03    2.702896e-03    3.603263e-03    3.588287e-03    3.118003e-05    2.642978e-05    5.458285e-05    5.430461e-05    4.536284e-07    3.767963e-07
    2.046380e+03    4.947142e-01    4.918366e-01    3.410108e-03    2.678298e-03    3.603544e-03    3.587855e-03    3.216975e-05    2.715485e-05    5.473183e-05    5.444021e-05    4.557522e-07    3.778725e-07
    2.067050e+03    4.947401e-01    4.918461e-01    3.397230e-03    2.654852e-03    3.603121e-03    3.586695e-03    3.317079e-05    2.784675e-05    5.517353e-05    5.486447e-05    4.614779e-07    3.812909e-07
    2.087720e+03    4.947665e-01    4.918539e-01    3.385489e-03    2.632777e-03    3.601797e-03    3.584627e-03    3.413073e-05    2.846351e-05    5.588292e-05    5.555276e-05    4.703570e-07    3.866173e-07
    2.108391e+03    4.947936e-01    4.918600e-01    3.375006e-03    2.612266e-03    3.599425e-03    3.581519e-03    3.499834e-05    2.896668e-05    5.682099e-05    5.646662e-05    4.817755e-07    3.933649e-07
    2.129062e+03    4.948213e-01    4.918647e-01    3.365876e-03    2.593488e-03    3.595915e-03    3.577297e-03    3.572625e-05    2.932337e-05    5.793675e-05    5.755581e-05    4.949950e-07    4.010256e-07
    2.149732e+03    4.948495e-01    4.918679e-01    3.358172e-03    2.576581e-03    3.591245e-03    3.571953e-03    3.627343e-05    2.950813e-05    5.916983e-05    5.876084e-05    5.091995e-07    4.090993e-07
    2.170403e+03    4.948781e-01    4.918697e-01    3.351945e-03    2.561658e-03    3.585460e-03    3.565544e-03    3.660752e-05    2.950441e-05    6.045366e-05    6.001612e-05    5.235457e-07    4.171157e-07
    2.191073e+03    4.949069e-01    4.918703e-01    3.347224e-03    2.548801e-03    3.578676e-03    3.558195e-03    3.670662e-05    2.930558e-05    6.171882e-05    6.125326e-05    5.372122e-07    4.246510e-07
    2.211744e+03    4.949355e-01    4.918695e-01    3.344016e-03    2.538066e-03    3.571071e-03    3.550094e-03    3.656067e-05    2.891546e-05    6.289666e-05    6.240467e-05    5.494443e-07    4.313382e-07
    2.232414e+03    4.949638e-01    4.918672e-01    3.342308e-03    2.529478e-03    3.562884e-03    3.541483e-03    3.617214e-05    2.834834e-05    6.392283e-05    6.340699e-05    5.595930e-07    4.368728e-07
    2.253084e+03    4.949912e-01    4.918635e-01    3.342068e-03    2.523037e-03    3.554399e-03    3.532648e-03    3.555620e-05    2.762839e-05    6.474055e-05    6.420438e-05    5.671450e-07    4.410140e-07
    2.273755e+03    4.950176e-01    4.918581e-01    3.343246e-03    2.518713e-03    3.545934e-03    3.523907e-03    3.474016e-05    2.678862e-05    6.530355e-05    6.475136e-05    5.717432e-07    4.435841e-07
    2.294426e+03    4.950423e-01    4.918508e-01    3.345775e-03    2.516454e-03    3.537826e-03    3.515594e-03    3.376225e-05    2.586928e-05    6.557844e-05    6.501514e-05    5.731966e-07    4.444670e-07
    2.315096e+03    4.950650e-01    4.918417e-01    3.349573e-03    2.516184e-03    3.530416e-03    3.508042e-03    3.266990e-05    2.491592e-05    6.554639e-05    6.497733e-05    5.714813e-07    4.436076e-07
    2.335767e+03    4.950853e-01    4.918304e-01    3.354549e-03    2.517805e-03    3.524027e-03    3.501570e-03    3.151738e-05    2.397712e-05    6.520408e-05    6.463479e-05    5.667322e-07    4.410110e-07
    2.356437e+03    4.951028e-01    4.918169e-01    3.360596e-03    2.521198e-03    3.518956e-03    3.496462e-03    3.036319e-05    2.310199e-05    6.456389e-05    6.399986e-05    5.592276e-07    4.367444e-07
    2.377108e+03    4.951173e-01    4.918011e-01    3.367602e-03    2.526229e-03    3.515449e-03    3.492959e-03    2.926705e-05    2.233763e-05    6.365320e-05    6.309961e-05    5.493683e-07    4.309391e-07
    2.397778e+03    4.951284e-01    4.917830e-01    3.375446e-03    2.532746e-03    3.513699e-03    3.491241e-03    2.828683e-05    2.172663e-05    6.251299e-05    6.197452e-05    5.376532e-07    4.237930e-07
    2.418448e+03    4.951360e-01    4.917625e-01    3.384003e-03    2.540588e-03    3.513826e-03    3.491422e-03    2.747558e-05    2.130478e-05    6.119571e-05    6.067632e-05    5.246529e-07    4.155709e-07
    2.439119e+03    4.951401e-01    4.917399e-01    3.393144e-03    2.549582e-03    3.515879e-03    3.493540e-03    2.687861e-05    2.109905e-05    5.976260e-05    5.926534e-05    5.109819e-07    4.066035e-07
    2.459789e+03    4.951406e-01    4.917151e-01    3.402738e-03    2.559547e-03    3.519825e-03    3.497558e-03    2.653111e-05    2.112601e-05    5.828050e-05    5.780741e-05    4.972728e-07    3.972811e-07
    2.480460e+03    4.951376e-01    4.916886e-01    3.412657e-03    2.570296e-03    3.525555e-03    3.503360e-03    2.645609e-05    2.139081e-05    5.681848e-05    5.637050e-05    4.841504e-07    3.880431e-07
    2.501131e+03    4.951315e-01    4.916606e-01    3.422774e-03    2.581643e-03    3.532885e-03    3.510762e-03    2.666302e-05    2.188663e-05    5.544426e-05    5.502121e-05    4.722085e-07    3.793619e-07
    2.521801e+03    4.951225e-01    4.916315e-01    3.432963e-03    2.593399e-03    3.541568e-03    3.519513e-03    2.714713e-05    2.259485e-05    5.422078e-05    5.382141e-05    4.619877e-07    3.717205e-07
    2.542472e+03    4.951109e-01    4.916017e-01    3.443108e-03    2.605376e-03    3.551300e-03    3.529313e-03    2.788941e-05    2.348577e-05    5.320301e-05    5.282506e-05    4.539563e-07    3.655869e-07
    2.563142e+03    4.950974e-01    4.915719e-01    3.453095e-03    2.617393e-03    3.561738e-03    3.539819e-03    2.885740e-05    2.451995e-05    5.243517e-05    5.207553e-05    4.484921e-07    3.613842e-07
    2.583812e+03    4.950823e-01    4.915424e-01    3.462820e-03    2.629274e-03    3.572512e-03    3.550668e-03    3.000664e-05    2.565003e-05    5.194852e-05    5.160339e-05    4.458673e-07    3.594601e-07
    2.604483e+03    4.950663e-01    4.915139e-01    3.472187e-03    2.640850e-03    3.583244e-03    3.561488e-03    3.128278e-05    2.682306e-05    5.175980e-05    5.142493e-05    4.462349e-07    3.600581e-07
    2.625153e+03    4.950498e-01    4.914868e-01    3.481109e-03    2.651964e-03    3.593566e-03    3.571915e-03    3.262426e-05    2.798314e-05    5.187050e-05    5.154140e-05    4.496194e-07    3.632926e-07
    2.645824e+03    4.950335e-01    4.914617e-01    3.489508e-03    2.662467e-03    3.603132e-03    3.581612e-03    3.396536e-05    2.907416e-05    5.226679e-05    5.193898e-05    4.559100e-07    3.691310e-07
    2.666495e+03    4.950179e-01    4.914390e-01    3.497319e-03    2.672226e-03    3.611639e-03    3.590280e-03    3.523950e-05    3.004275e-05    5.292036e-05    5.258959e-05    4.648592e-07    3.773847e-07
    2.687165e+03    4.950034e-01    4.914191e-01    3.504487e-03    2.681121e-03    3.618836e-03    3.597672e-03    3.638271e-05    3.084099e-05    5.378993e-05    5.345243e-05    4.760871e-07    3.877102e-07
    2.707836e+03    4.949905e-01    4.914024e-01    3.510966e-03    2.689045e-03    3.624534e-03    3.603605e-03    3.733690e-05    3.142895e-05    5.482347e-05    5.447608e-05    4.890913e-07    3.996219e-07
    2.728506e+03    4.949795e-01    4.913890e-01    3.516723e-03    2.695907e-03    3.628615e-03    3.607962e-03    3.805293e-05    3.177684e-05    5.596088e-05    5.560126e-05    5.032647e-07    4.125161e-07
    2.749177e+03    4.949707e-01    4.913790e-01    3.521736e-03    2.701634e-03    3.631036e-03    3.610698e-03    3.849326e-05    3.186662e-05    5.713722e-05    5.676392e-05    5.179191e-07    4.257037e-07
    2.769847e+03    4.949642e-01    4.913725e-01    3.525994e-03    2.706168e-03    3.631827e-03    3.611841e-03    3.863400e-05    3.169309e-05    5.828602e-05    5.789853e-05    5.323167e-07    4.384523e-07
    2.790517e+03    4.949601e-01    4.913694e-01    3.529496e-03    2.709468e-03    3.631086e-03    3.611484e-03    3.846632e-05    3.126423e-05    5.934276e-05    5.894152e-05    5.457058e-07    4.500314e-07
    2.811188e+03    4.949583e-01    4.913694e-01    3.532249e-03    2.711510e-03    3.628975e-03    3.609781e-03    3.799706e-05    3.060101e-05    6.024820e-05    5.983455e-05    5.573612e-07    4.597606e-07
    2.831859e+03    4.949589e-01    4.913724e-01    3.534273e-03    2.712287e-03    3.625708e-03    3.606938e-03    3.724857e-05    2.973635e-05    6.095143e-05    6.052750e-05    5.666255e-07    4.670544e-07
    2.852529e+03    4.949615e-01    4.913779e-01    3.535595e-03    2.711806e-03    3.621538e-03    3.603195e-03    3.625772e-05    2.871360e-05    6.141246e-05    6.098103e-05    5.729497e-07    4.714627e-07
    2.873200e+03    4.949661e-01    4.913855e-01    3.536249e-03    2.710093e-03    3.616745e-03    3.598818e-03    3.507421e-05    2.758438e-05    6.160428e-05    6.116862e-05    5.759298e-07    4.727013e-07
    2.893870e+03    4.949722e-01    4.913948e-01    3.536276e-03    2.707186e-03    3.611615e-03    3.594081e-03    3.375812e-05    2.640600e-05    6.151417e-05    6.107781e-05    5.753363e-07    4.706719e-07
    2.914541e+03    4.949797e-01    4.914053e-01    3.535726e-03    2.703141e-03    3.606432e-03    3.589254e-03    3.237696e-05    2.523859e-05    6.114436e-05    6.071089e-05    5.711345e-07    4.654697e-07
    2.935211e+03    4.949881e-01    4.914164e-01    3.534651e-03    2.698023e-03    3.601455e-03    3.584582e-03    3.100229e-05    2.414199e-05    6.051180e-05    6.008465e-05    5.634935e-07    4.573766e-07
    2.955881e+03    4.949973e-01    4.914278e-01    3.533107e-03    2.691912e-03    3.596913e-03    3.580281e-03    2.970608e-05    2.317272e-05    5.964725e-05    5.922953e-05    5.527822e-07    4.468428e-07
    2.976552e+03    4.950069e-01    4.914389e-01    3.531157e-03    2.684897e-03    3.592986e-03    3.576520e-03    2.855704e-05    2.238105e-05    5.859366e-05    5.818790e-05    5.395524e-07    4.344564e-07
    2.997222e+03    4.950167e-01    4.914493e-01    3.528862e-03    2.677076e-03    3.589800e-03    3.573415e-03    2.761703e-05    2.180833e-05    5.740386e-05    5.701190e-05    5.245094e-07    4.209045e-07
    3.017893e+03    4.950266e-01    4.914589e-01    3.526285e-03    2.668556e-03    3.587421e-03    3.571027e-03    2.693785e-05    2.148484e-05    5.613776e-05    5.576063e-05    5.084718e-07    4.069280e-07
    3.038564e+03    4.950363e-01    4.914673e-01    3.523491e-03    2.659449e-03    3.585852e-03    3.569355e-03    2.655845e-05    2.142815e-05    5.485926e-05    5.449709e-05    4.923232e-07    3.932749e-07
    3.059234e+03    4.950460e-01    4.914743e-01    3.520543e-03    2.649872e-03    3.585036e-03    3.568342e-03    2.650280e-05    2.164214e-05    5.363287e-05    5.328486e-05    4.769584e-07    3.806531e-07
    3.079905e+03    4.950554e-01    4.914800e-01    3.517501e-03    2.639944e-03    3.584856e-03    3.567876e-03    2.677851e-05    2.211669e-05    5.252033e-05    5.218480e-05    4.632285e-07    3.696890e-07
    3.100575e+03    4.950648e-01    4.914842e-01    3.514425e-03    2.629784e-03    3.585150e-03    3.567800e-03    2.737628e-05    2.282809e-05    5.157743e-05    5.125184e-05    4.518889e-07    3.608923e-07
    3.121245e+03    4.950742e-01    4.914871e-01    3.511370e-03    2.619511e-03    3.585716e-03    3.567923e-03    2.827016e-05    2.374022e-05    5.085106e-05    5.053216e-05    4.435526e-07    3.546301e-07
    3.141916e+03    4.950837e-01    4.914889e-01    3.508388e-03    2.609242e-03    3.586326e-03    3.568030e-03    2.941874e-05    2.480629e-05    5.037682e-05    5.006077e-05    4.386537e-07    3.511115e-07
    3.162586e+03    4.950935e-01    4.914897e-01    3.505526e-03    2.599089e-03    3.586741e-03    3.567899e-03    3.076713e-05    2.597117e-05    5.017713e-05    4.985972e-05    4.374223e-07    3.503831e-07
    3.183257e+03    4.951038e-01    4.914897e-01    3.502827e-03    2.589159e-03    3.586724e-03    3.567309e-03    3.224958e-05    2.717421e-05    5.026007e-05    4.993690e-05    4.398734e-07    3.523351e-07
    3.203928e+03    4.951148e-01    4.914893e-01    3.500327e-03    2.579550e-03    3.586057e-03    3.566061e-03    3.379278e-05    2.835228e-05    5.061901e-05    5.028569e-05    4.458090e-07    3.567162e-07
    3.224598e+03    4.951267e-01    4.914887e-01    3.498058e-03    2.570356e-03    3.584553e-03    3.563988e-03    3.531954e-05    2.944306e-05    5.123287e-05    5.088530e-05    4.548350e-07    3.631562e-07
    3.245269e+03    4.951395e-01    4.914881e-01    3.496048e-03    2.561657e-03    3.582069e-03    3.560965e-03    3.675269e-05    3.038820e-05    5.206729e-05    5.170182e-05    4.663883e-07    3.711942e-07
    3.265939e+03    4.951533e-01    4.914877e-01    3.494316e-03    2.553527e-03    3.578517e-03    3.556920e-03    3.801904e-05    3.113645e-05    5.307638e-05    5.269001e-05    4.797755e-07    3.803095e-07
    3.286610e+03    4.951681e-01    4.914877e-01    3.492877e-03    2.546027e-03    3.573867e-03    3.551840e-03    3.905319e-05    3.164627e-05    5.420504e-05    5.379561e-05    4.942165e-07    3.899524e-07
    3.307280e+03    4.951840e-01    4.914882e-01    3.491743e-03    2.539209e-03    3.568155e-03    3.545774e-03    3.980093e-05    3.188813e-05    5.539191e-05    5.495818e-05    5.088926e-07    3.995756e-07
    3.327950e+03    4.952007e-01    4.914893e-01    3.490917e-03    2.533113e-03    3.561483e-03    3.538831e-03    4.022218e-05    3.184611e-05    5.657244e-05    5.611422e-05    5.229948e-07    4.086602e-07
    3.348621e+03    4.952181e-01    4.914909e-01    3.490401e-03    2.527767e-03    3.554013e-03    3.531180e-03    4.029312e-05    3.151885e-05    5.768226e-05    5.720042e-05    5.357677e-07    4.167390e-07
    3.369292e+03    4.952360e-01    4.914929e-01    3.490189e-03    2.523190e-03    3.545965e-03    3.523041e-03    4.000762e-05    3.091976e-05    5.866049e-05    5.815692e-05    5.465497e-07    4.234148e-07
    3.389962e+03    4.952540e-01    4.914952e-01    3.490274e-03    2.519388e-03    3.537602e-03    3.514677e-03    3.937771e-05    3.007646e-05    5.945286e-05    5.893043e-05    5.548035e-07    4.283725e-07
    3.410633e+03    4.952718e-01    4.914976e-01    3.490643e-03    2.516358e-03    3.529223e-03    3.506380e-03    3.843311e-05    2.902950e-05    6.001452e-05    5.947693e-05    5.601393e-07    4.313877e-07
    3.431303e+03    4.952891e-01    4.914998e-01    3.491283e-03    2.514088e-03    3.521147e-03    3.498459e-03    3.721993e-05    2.783040e-05    6.031230e-05    5.976394e-05    5.623269e-07    4.323300e-07
    3.451974e+03    4.953053e-01    4.915016e-01    3.492175e-03    2.512557e-03    3.513698e-03    3.491224e-03    3.579841e-05    2.653910e-05    6.032643e-05    5.977216e-05    5.613001e-07    4.311630e-07
    3.472644e+03    4.953202e-01    4.915026e-01    3.493300e-03    2.511734e-03    3.507187e-03    3.484975e-03    3.423997e-05    2.522095e-05    6.005154e-05    5.949647e-05    5.571507e-07    4.279413e-07
    3.493314e+03    4.953333e-01    4.915027e-01    3.494637e-03    2.511585e-03    3.501902e-03    3.479980e-03    3.262365e-05    2.394343e-05    5.949689e-05    5.894615e-05    5.501168e-07    4.228054e-07
    3.513985e+03    4.953443e-01    4.915014e-01    3.496163e-03    2.512065e-03    3.498087e-03    3.476468e-03    3.103215e-05    2.277267e-05    5.868592e-05    5.814441e-05    5.405644e-07    4.159745e-07
    3.534656e+03    4.953529e-01    4.914986e-01    3.497854e-03    2.513126e-03    3.495936e-03    3.474616e-03    2.954758e-05    2.177005e-05    5.765499e-05    5.712717e-05    5.289651e-07    4.077384e-07
    3.555326e+03    4.953589e-01    4.914941e-01    3.499687e-03    2.514717e-03    3.495577e-03    3.474538e-03    2.824726e-05    2.098899e-05    5.645153e-05    5.594116e-05    5.158710e-07    3.984471e-07
    3.575997e+03    4.953621e-01    4.914877e-01    3.501638e-03    2.516781e-03    3.497070e-03    3.476278e-03    2.719972e-05    2.047217e-05    5.513154e-05    5.464157e-05    5.018886e-07    3.885002e-07
    3.596667e+03    4.953626e-01    4.914796e-01    3.503682e-03    2.519259e-03    3.500401e-03    3.479811e-03    2.646107e-05    2.024915e-05    5.375679e-05    5.328917e-05    4.876523e-07    3.783331e-07
    3.617338e+03    4.953603e-01    4.914697e-01    3.505796e-03    2.522092e-03    3.505480e-03    3.485041e-03    2.607208e-05    2.033480e-05    5.239155e-05    5.194721e-05    4.737984e-07    3.684026e-07
    3.638008e+03    4.953554e-01    4.914581e-01    3.507958e-03    2.525217e-03    3.512149e-03    3.491804e-03    2.605590e-05    2.072838e-05    5.109940e-05    5.067816e-05    4.609412e-07    3.591700e-07
    3.658678e+03    4.953481e-01    4.914450e-01    3.510146e-03    2.528573e-03    3.520185e-03    3.499876e-03    2.641677e-05    2.141339e-05    4.993990e-05    4.954053e-05    4.496487e-07    3.510818e-07
    3.679349e+03    4.953387e-01    4.914308e-01    3.512339e-03    2.532098e-03    3.529312e-03    3.508984e-03    2.713960e-05    2.235833e-05    4.896562e-05    4.858592e-05    4.404223e-07    3.445499e-07
    3.700019e+03    4.953275e-01    4.914157e-01    3.514518e-03    2.535731e-03    3.539211e-03    3.518814e-03    2.819066e-05    2.351815e-05    4.821945e-05    4.785636e-05    4.336766e-07    3.399305e-07
    3.720690e+03    4.953150e-01    4.914001e-01    3.516665e-03    2.539414e-03    3.549536e-03    3.529031e-03    2.951913e-05    2.483645e-05    4.773246e-05    4.738224e-05    4.297221e-07    3.375035e-07
    3.741361e+03    4.953016e-01    4.913845e-01    3.518763e-03    2.543089e-03    3.559931e-03    3.539290e-03    3.105956e-05    2.624825e-05    4.752234e-05    4.718078e-05    4.287511e-07    3.374529e-07
    3.762031e+03    4.952878e-01    4.913693e-01    3.520797e-03    2.546699e-03    3.570044e-03    3.549250e-03    3.273515e-05    2.768330e-05    4.759259e-05    4.725523e-05    4.308254e-07    3.398515e-07
    3.782702e+03    4.952741e-01    4.913550e-01    3.522755e-03    2.550194e-03    3.579541e-03    3.558592e-03    3.446162e-05    2.906959e-05    4.793237e-05    4.759474e-05    4.358698e-07    3.446491e-07
    3.803372e+03    4.952609e-01    4.913418e-01    3.524624e-03    2.553522e-03    3.588124e-03    3.567035e-03    3.615145e-05    3.033706e-05    4.851717e-05    4.817500e-05    4.436691e-07    3.516672e-07
    3.824043e+03    4.952486e-01    4.913302e-01    3.526395e-03    2.556639e-03    3.595542e-03    3.574339e-03    3.771838e-05    3.142117e-05    4.931008e-05    4.895957e-05    4.538718e-07    3.606010e-07
    3.844713e+03    4.952376e-01    4.913205e-01    3.528060e-03    2.559501e-03    3.601602e-03    3.580323e-03    3.908182e-05    3.226631e-05    5.026380e-05    4.990177e-05    4.659994e-07    3.710287e-07
    3.865383e+03    4.952282e-01    4.913130e-01    3.529612e-03    2.562069e-03    3.606173e-03    3.584868e-03    4.017109e-05    3.282865e-05    5.132314e-05    5.094718e-05    4.794638e-07    3.824295e-07
    3.886054e+03    4.952205e-01    4.913077e-01    3.531048e-03    2.564310e-03    3.609195e-03    3.587921e-03    4.092905e-05    3.307852e-05    5.242784e-05    5.203646e-05    4.935906e-07    3.942085e-07
    3.906725e+03    4.952147e-01    4.913047e-01    3.532364e-03    2.566193e-03    3.610677e-03    3.589495e-03    4.131519e-05    3.300198e-05    5.351579e-05    5.310845e-05    5.076498e-07    4.057281e-07
    3.927395e+03    4.952109e-01    4.913040e-01    3.533559e-03    2.567694e-03    3.610694e-03    3.589663e-03    4.130782e-05    3.260169e-05    5.452619e-05    5.410334e-05    5.208911e-07    4.163440e-07
